#                x                 v
  0.0000000000e+00  0.0000000000e+00
  1.0000000000e-03  1.7978153787e-02
  2.0000000000e-03  2.6818225697e-02
  3.0000000000e-03  3.5560277740e-02
  4.0000000000e-03  4.4205285229e-02
  5.0000000000e-03  5.2754213774e-02
  6.0000000000e-03  6.1208019377e-02
  7.0000000000e-03  6.9567648527e-02
  8.0000000000e-03  7.7834038294e-02
  9.0000000000e-03  8.6008116427e-02
  1.0000000000e-02  9.4090801442e-02
  1.1000000000e-02  1.0208300271e-01
  1.2000000000e-02  1.0998562057e-01
  1.3000000000e-02  1.1779954639e-01
  1.4000000000e-02  1.2552566266e-01
  1.5000000000e-02  1.3316484311e-01
  1.6000000000e-02  1.4071795276e-01
  1.7000000000e-02  1.4818584803e-01
  1.8000000000e-02  1.5556937682e-01
  1.9000000000e-02  1.6286937859e-01
  2.0000000000e-02  1.7008668445e-01
  2.1000000000e-02  1.7722211723e-01
  2.2000000000e-02  1.8427649159e-01
  2.3000000000e-02  1.9125061406e-01
  2.4000000000e-02  1.9814528318e-01
  2.5000000000e-02  2.0496128951e-01
  2.6000000000e-02  2.1169941576e-01
  2.7000000000e-02  2.1836043685e-01
  2.8000000000e-02  2.2494512000e-01
  2.9000000000e-02  2.3145422477e-01
  3.0000000000e-02  2.3788850318e-01
  3.1000000000e-02  2.4424869977e-01
  3.2000000000e-02  2.5053555167e-01
  3.3000000000e-02  2.5674978866e-01
  3.4000000000e-02  2.6289213328e-01
  3.5000000000e-02  2.6896330086e-01
  3.6000000000e-02  2.7496399964e-01
  3.7000000000e-02  2.8089493078e-01
  3.8000000000e-02  2.8675678849e-01
  3.9000000000e-02  2.9255026006e-01
  4.0000000000e-02  2.9827602595e-01
  4.1000000000e-02  3.0393475982e-01
  4.2000000000e-02  3.0952712868e-01
  4.3000000000e-02  3.1505379285e-01
  4.4000000000e-02  3.2051540611e-01
  4.5000000000e-02  3.2591261573e-01
  4.6000000000e-02  3.3124606253e-01
  4.7000000000e-02  3.3651638097e-01
  4.8000000000e-02  3.4172419919e-01
  4.9000000000e-02  3.4687013906e-01
  5.0000000000e-02  3.5195481630e-01
  5.1000000000e-02  3.5697884046e-01
  5.2000000000e-02  3.6194281508e-01
  5.3000000000e-02  3.6684733763e-01
  5.4000000000e-02  3.7169299969e-01
  5.5000000000e-02  3.7648038692e-01
  5.6000000000e-02  3.8121007918e-01
  5.7000000000e-02  3.8588265052e-01
  5.8000000000e-02  3.9049866932e-01
  5.9000000000e-02  3.9505869829e-01
  6.0000000000e-02  3.9956329453e-01
  6.1000000000e-02  4.0401300960e-01
  6.2000000000e-02  4.0840838959e-01
  6.3000000000e-02  4.1274997513e-01
  6.4000000000e-02  4.1703830149e-01
  6.5000000000e-02  4.2127389861e-01
  6.6000000000e-02  4.2545729116e-01
  6.7000000000e-02  4.2958899857e-01
  6.8000000000e-02  4.3366953512e-01
  6.9000000000e-02  4.3769940997e-01
  7.0000000000e-02  4.4167912721e-01
  7.1000000000e-02  4.4560918593e-01
  7.2000000000e-02  4.4949008022e-01
  7.3000000000e-02  4.5332229929e-01
  7.4000000000e-02  4.5710632747e-01
  7.5000000000e-02  4.6084264424e-01
  7.6000000000e-02  4.6453172437e-01
  7.7000000000e-02  4.6817403785e-01
  7.8000000000e-02  4.7177005002e-01
  7.9000000000e-02  4.7532022160e-01
  8.0000000000e-02  4.7882500869e-01
  8.1000000000e-02  4.8228486289e-01
  8.2000000000e-02  4.8570023128e-01
  8.3000000000e-02  4.8907155650e-01
  8.4000000000e-02  4.9239927680e-01
  8.5000000000e-02  4.9568382604e-01
  8.6000000000e-02  4.9892563379e-01
  8.7000000000e-02  5.0212512534e-01
  8.8000000000e-02  5.0528272172e-01
  8.9000000000e-02  5.0839883982e-01
  9.0000000000e-02  5.1147389234e-01
  9.1000000000e-02  5.1450828790e-01
  9.2000000000e-02  5.1750243103e-01
  9.3000000000e-02  5.2045672226e-01
  9.4000000000e-02  5.2337155812e-01
  9.5000000000e-02  5.2624733119e-01
  9.6000000000e-02  5.2908443016e-01
  9.7000000000e-02  5.3188323985e-01
  9.8000000000e-02  5.3464414123e-01
  9.9000000000e-02  5.3736751150e-01
  1.0000000000e-01  5.4005372410e-01
  1.0100000000e-01  5.4270314875e-01
  1.0200000000e-01  5.4531615151e-01
  1.0300000000e-01  5.4789309478e-01
  1.0400000000e-01  5.5043433734e-01
  1.0500000000e-01  5.5294023445e-01
  1.0600000000e-01  5.5541113777e-01
  1.0700000000e-01  5.5784739551e-01
  1.0800000000e-01  5.6024935241e-01
  1.0900000000e-01  5.6261734975e-01
  1.1000000000e-01  5.6495172544e-01
  1.1100000000e-01  5.6725281402e-01
  1.1200000000e-01  5.6952094671e-01
  1.1300000000e-01  5.7175645141e-01
  1.1400000000e-01  5.7395965279e-01
  1.1500000000e-01  5.7613087227e-01
  1.1600000000e-01  5.7827042807e-01
  1.1700000000e-01  5.8037863526e-01
  1.1800000000e-01  5.8245580575e-01
  1.1900000000e-01  5.8450224836e-01
  1.2000000000e-01  5.8651826885e-01
  1.2100000000e-01  5.8850416992e-01
  1.2200000000e-01  5.9046025126e-01
  1.2300000000e-01  5.9238680959e-01
  1.2400000000e-01  5.9428413865e-01
  1.2500000000e-01  5.9615252929e-01
  1.2600000000e-01  5.9799226946e-01
  1.2700000000e-01  5.9980364422e-01
  1.2800000000e-01  6.0158693582e-01
  1.2900000000e-01  6.0334242369e-01
  1.3000000000e-01  6.0507038448e-01
  1.3100000000e-01  6.0677109209e-01
  1.3200000000e-01  6.0844481770e-01
  1.3300000000e-01  6.1009182977e-01
  1.3400000000e-01  6.1171239412e-01
  1.3500000000e-01  6.1330677391e-01
  1.3600000000e-01  6.1487522966e-01
  1.3700000000e-01  6.1641801934e-01
  1.3800000000e-01  6.1793539833e-01
  1.3900000000e-01  6.1942761946e-01
  1.4000000000e-01  6.2089493305e-01
  1.4100000000e-01  6.2233758695e-01
  1.4200000000e-01  6.2375582653e-01
  1.4300000000e-01  6.2514989470e-01
  1.4400000000e-01  6.2652003198e-01
  1.4500000000e-01  6.2786647648e-01
  1.4600000000e-01  6.2918946395e-01
  1.4700000000e-01  6.3048922780e-01
  1.4800000000e-01  6.3176599910e-01
  1.4900000000e-01  6.3302000663e-01
  1.5000000000e-01  6.3425147689e-01
  1.5100000000e-01  6.3546063414e-01
  1.5200000000e-01  6.3664770039e-01
  1.5300000000e-01  6.3781289545e-01
  1.5400000000e-01  6.3895643695e-01
  1.5500000000e-01  6.4007854033e-01
  1.5600000000e-01  6.4117941892e-01
  1.5700000000e-01  6.4225928390e-01
  1.5800000000e-01  6.4331834436e-01
  1.5900000000e-01  6.4435680731e-01
  1.6000000000e-01  6.4537487770e-01
  1.6100000000e-01  6.4637275844e-01
  1.6200000000e-01  6.4735065042e-01
  1.6300000000e-01  6.4830875253e-01
  1.6400000000e-01  6.4924726168e-01
  1.6500000000e-01  6.5016637282e-01
  1.6600000000e-01  6.5106627898e-01
  1.6700000000e-01  6.5194717123e-01
  1.6800000000e-01  6.5280923878e-01
  1.6900000000e-01  6.5365266894e-01
  1.7000000000e-01  6.5447764714e-01
  1.7100000000e-01  6.5528435699e-01
  1.7200000000e-01  6.5607298026e-01
  1.7300000000e-01  6.5684369691e-01
  1.7400000000e-01  6.5759668512e-01
  1.7500000000e-01  6.5833212130e-01
  1.7600000000e-01  6.5905018007e-01
  1.7700000000e-01  6.5975103437e-01
  1.7800000000e-01  6.6043485536e-01
  1.7900000000e-01  6.6110181254e-01
  1.8000000000e-01  6.6175207370e-01
  1.8100000000e-01  6.6238580497e-01
  1.8200000000e-01  6.6300317083e-01
  1.8300000000e-01  6.6360433412e-01
  1.8400000000e-01  6.6418945604e-01
  1.8500000000e-01  6.6475869623e-01
  1.8600000000e-01  6.6531221270e-01
  1.8700000000e-01  6.6585016190e-01
  1.8800000000e-01  6.6637269874e-01
  1.8900000000e-01  6.6687997657e-01
  1.9000000000e-01  6.6737214722e-01
  1.9100000000e-01  6.6784936100e-01
  1.9200000000e-01  6.6831176675e-01
  1.9300000000e-01  6.6875951180e-01
  1.9400000000e-01  6.6919274203e-01
  1.9500000000e-01  6.6961160187e-01
  1.9600000000e-01  6.7001623429e-01
  1.9700000000e-01  6.7040678088e-01
  1.9800000000e-01  6.7078338178e-01
  1.9900000000e-01  6.7114617576e-01
  2.0000000000e-01  6.7149530019e-01
  2.0100000000e-01  6.7183089110e-01
  2.0200000000e-01  6.7215308314e-01
  2.0300000000e-01  6.7246200963e-01
  2.0400000000e-01  6.7275780257e-01
  2.0500000000e-01  6.7304059264e-01
  2.0600000000e-01  6.7331050922e-01
  2.0700000000e-01  6.7356768040e-01
  2.0800000000e-01  6.7381223301e-01
  2.0900000000e-01  6.7404429259e-01
  2.1000000000e-01  6.7426398346e-01
  2.1100000000e-01  6.7447142868e-01
  2.1200000000e-01  6.7466675011e-01
  2.1300000000e-01  6.7485006838e-01
  2.1400000000e-01  6.7502150292e-01
  2.1500000000e-01  6.7518117197e-01
  2.1600000000e-01  6.7532919261e-01
  2.1700000000e-01  6.7546568073e-01
  2.1800000000e-01  6.7559075109e-01
  2.1900000000e-01  6.7570451730e-01
  2.2000000000e-01  6.7580709184e-01
  2.2100000000e-01  6.7589858606e-01
  2.2200000000e-01  6.7597911021e-01
  2.2300000000e-01  6.7604877346e-01
  2.2400000000e-01  6.7610768386e-01
  2.2500000000e-01  6.7615594841e-01
  2.2600000000e-01  6.7619367304e-01
  2.2700000000e-01  6.7622096261e-01
  2.2800000000e-01  6.7623792098e-01
  2.2900000000e-01  6.7624465092e-01
  2.3000000000e-01  6.7624125421e-01
  2.3100000000e-01  6.7622783162e-01
  2.3200000000e-01  6.7620448291e-01
  2.3300000000e-01  6.7617130683e-01
  2.3400000000e-01  6.7612840118e-01
  2.3500000000e-01  6.7607586277e-01
  2.3600000000e-01  6.7601378744e-01
  2.3700000000e-01  6.7594227009e-01
  2.3800000000e-01  6.7586140467e-01
  2.3900000000e-01  6.7577128419e-01
  2.4000000000e-01  6.7567200074e-01
  2.4100000000e-01  6.7556364550e-01
  2.4200000000e-01  6.7544630872e-01
  2.4300000000e-01  6.7532007978e-01
  2.4400000000e-01  6.7518504717e-01
  2.4500000000e-01  6.7504129846e-01
  2.4600000000e-01  6.7488892040e-01
  2.4700000000e-01  6.7472799884e-01
  2.4800000000e-01  6.7455861880e-01
  2.4900000000e-01  6.7438086443e-01
  2.5000000000e-01  6.7419481907e-01
  2.5100000000e-01  6.7400056520e-01
  2.5200000000e-01  6.7379818452e-01
  2.5300000000e-01  6.7358775787e-01
  2.5400000000e-01  6.7336936532e-01
  2.5500000000e-01  6.7314308613e-01
  2.5600000000e-01  6.7290899877e-01
  2.5700000000e-01  6.7266718094e-01
  2.5800000000e-01  6.7241770956e-01
  2.5900000000e-01  6.7216066077e-01
  2.6000000000e-01  6.7189610998e-01
  2.6100000000e-01  6.7162413184e-01
  2.6200000000e-01  6.7134480023e-01
  2.6300000000e-01  6.7105818835e-01
  2.6400000000e-01  6.7076436861e-01
  2.6500000000e-01  6.7046341275e-01
  2.6600000000e-01  6.7015539177e-01
  2.6700000000e-01  6.6984037597e-01
  2.6800000000e-01  6.6951843494e-01
  2.6900000000e-01  6.6918963760e-01
  2.7000000000e-01  6.6885405216e-01
  2.7100000000e-01  6.6851174617e-01
  2.7200000000e-01  6.6816278650e-01
  2.7300000000e-01  6.6780723936e-01
  2.7400000000e-01  6.6744517029e-01
  2.7500000000e-01  6.6707664418e-01
  2.7600000000e-01  6.6670172529e-01
  2.7700000000e-01  6.6632047722e-01
  2.7800000000e-01  6.6593296295e-01
  2.7900000000e-01  6.6553924482e-01
  2.8000000000e-01  6.6513938458e-01
  2.8100000000e-01  6.6473344333e-01
  2.8200000000e-01  6.6432148158e-01
  2.8300000000e-01  6.6390355924e-01
  2.8400000000e-01  6.6347973561e-01
  2.8500000000e-01  6.6305006942e-01
  2.8600000000e-01  6.6261461879e-01
  2.8700000000e-01  6.6217344129e-01
  2.8800000000e-01  6.6172659389e-01
  2.8900000000e-01  6.6127413302e-01
  2.9000000000e-01  6.6081611453e-01
  2.9100000000e-01  6.6035259371e-01
  2.9200000000e-01  6.5988362533e-01
  2.9300000000e-01  6.5940926357e-01
  2.9400000000e-01  6.5892956211e-01
  2.9500000000e-01  6.5844457407e-01
  2.9600000000e-01  6.5795435207e-01
  2.9700000000e-01  6.5745894818e-01
  2.9800000000e-01  6.5695841395e-01
  2.9900000000e-01  6.5645280044e-01
  3.0000000000e-01  6.5594215818e-01
  3.0100000000e-01  6.5542653722e-01
  3.0200000000e-01  6.5490598710e-01
  3.0300000000e-01  6.5438055685e-01
  3.0400000000e-01  6.5385029503e-01
  3.0500000000e-01  6.5331524973e-01
  3.0600000000e-01  6.5277546853e-01
  3.0700000000e-01  6.5223099857e-01
  3.0800000000e-01  6.5168188649e-01
  3.0900000000e-01  6.5112817848e-01
  3.1000000000e-01  6.5056992028e-01
  3.1100000000e-01  6.5000715716e-01
  3.1200000000e-01  6.4943993394e-01
  3.1300000000e-01  6.4886829501e-01
  3.1400000000e-01  6.4829228429e-01
  3.1500000000e-01  6.4771194530e-01
  3.1600000000e-01  6.4712732109e-01
  3.1700000000e-01  6.4653845431e-01
  3.1800000000e-01  6.4594538717e-01
  3.1900000000e-01  6.4534816146e-01
  3.2000000000e-01  6.4474681857e-01
  3.2100000000e-01  6.4414139946e-01
  3.2200000000e-01  6.4353194468e-01
  3.2300000000e-01  6.4291849440e-01
  3.2400000000e-01  6.4230108837e-01
  3.2500000000e-01  6.4167976595e-01
  3.2600000000e-01  6.4105456611e-01
  3.2700000000e-01  6.4042552743e-01
  3.2800000000e-01  6.3979268811e-01
  3.2900000000e-01  6.3915608596e-01
  3.3000000000e-01  6.3851575843e-01
  3.3100000000e-01  6.3787174257e-01
  3.3200000000e-01  6.3722407511e-01
  3.3300000000e-01  6.3657279236e-01
  3.3400000000e-01  6.3591793029e-01
  3.3500000000e-01  6.3525952454e-01
  3.3600000000e-01  6.3459761034e-01
  3.3700000000e-01  6.3393222263e-01
  3.3800000000e-01  6.3326339594e-01
  3.3900000000e-01  6.3259116451e-01
  3.4000000000e-01  6.3191556222e-01
  3.4100000000e-01  6.3123662260e-01
  3.4200000000e-01  6.3055437885e-01
  3.4300000000e-01  6.2986886387e-01
  3.4400000000e-01  6.2918011019e-01
  3.4500000000e-01  6.2848815004e-01
  3.4600000000e-01  6.2779301533e-01
  3.4700000000e-01  6.2709473764e-01
  3.4800000000e-01  6.2639334825e-01
  3.4900000000e-01  6.2568887811e-01
  3.5000000000e-01  6.2498135789e-01
  3.5100000000e-01  6.2427081794e-01
  3.5200000000e-01  6.2355728829e-01
  3.5300000000e-01  6.2284079869e-01
  3.5400000000e-01  6.2212137861e-01
  3.5500000000e-01  6.2139905719e-01
  3.5600000000e-01  6.2067386331e-01
  3.5700000000e-01  6.1994582554e-01
  3.5800000000e-01  6.1921497219e-01
  3.5900000000e-01  6.1848133128e-01
  3.6000000000e-01  6.1774493052e-01
  3.6100000000e-01  6.1700579740e-01
  3.6200000000e-01  6.1626395909e-01
  3.6300000000e-01  6.1551944251e-01
  3.6400000000e-01  6.1477227432e-01
  3.6500000000e-01  6.1402248089e-01
  3.6600000000e-01  6.1327008835e-01
  3.6700000000e-01  6.1251512255e-01
  3.6800000000e-01  6.1175760911e-01
  3.6900000000e-01  6.1099757337e-01
  3.7000000000e-01  6.1023504043e-01
  3.7100000000e-01  6.0947003514e-01
  3.7200000000e-01  6.0870258210e-01
  3.7300000000e-01  6.0793270566e-01
  3.7400000000e-01  6.0716042994e-01
  3.7500000000e-01  6.0638577880e-01
  3.7600000000e-01  6.0560877589e-01
  3.7700000000e-01  6.0482944461e-01
  3.7800000000e-01  6.0404780812e-01
  3.7900000000e-01  6.0326388936e-01
  3.8000000000e-01  6.0247771104e-01
  3.8100000000e-01  6.0168929565e-01
  3.8200000000e-01  6.0089866544e-01
  3.8300000000e-01  6.0010584244e-01
  3.8400000000e-01  5.9931084849e-01
  3.8500000000e-01  5.9851370517e-01
  3.8600000000e-01  5.9771443388e-01
  3.8700000000e-01  5.9691305579e-01
  3.8800000000e-01  5.9610959187e-01
  3.8900000000e-01  5.9530406286e-01
  3.9000000000e-01  5.9449648932e-01
  3.9100000000e-01  5.9368689158e-01
  3.9200000000e-01  5.9287528980e-01
  3.9300000000e-01  5.9206170390e-01
  3.9400000000e-01  5.9124615364e-01
  3.9500000000e-01  5.9042865856e-01
  3.9600000000e-01  5.8960923801e-01
  3.9700000000e-01  5.8878791114e-01
  3.9800000000e-01  5.8796469694e-01
  3.9900000000e-01  5.8713961417e-01
  4.0000000000e-01  5.8631268142e-01
  4.0100000000e-01  5.8548391712e-01
  4.0200000000e-01  5.8465333947e-01
  4.0300000000e-01  5.8382096653e-01
  4.0400000000e-01  5.8298681615e-01
  4.0500000000e-01  5.8215090603e-01
  4.0600000000e-01  5.8131325367e-01
  4.0700000000e-01  5.8047387641e-01
  4.0800000000e-01  5.7963279141e-01
  4.0900000000e-01  5.7879001566e-01
  4.1000000000e-01  5.7794556599e-01
  4.1100000000e-01  5.7709945905e-01
  4.1200000000e-01  5.7625171133e-01
  4.1300000000e-01  5.7540233917e-01
  4.1400000000e-01  5.7455135871e-01
  4.1500000000e-01  5.7369878597e-01
  4.1600000000e-01  5.7284463679e-01
  4.1700000000e-01  5.7198892685e-01
  4.1800000000e-01  5.7113167169e-01
  4.1900000000e-01  5.7027288667e-01
  4.2000000000e-01  5.6941258703e-01
  4.2100000000e-01  5.6855078783e-01
  4.2200000000e-01  5.6768750399e-01
  4.2300000000e-01  5.6682275029e-01
  4.2400000000e-01  5.6595654135e-01
  4.2500000000e-01  5.6508889165e-01
  4.2600000000e-01  5.6421981552e-01
  4.2700000000e-01  5.6334932717e-01
  4.2800000000e-01  5.6247744064e-01
  4.2900000000e-01  5.6160416984e-01
  4.3000000000e-01  5.6072952855e-01
  4.3100000000e-01  5.5985353040e-01
  4.3200000000e-01  5.5897618890e-01
  4.3300000000e-01  5.5809751741e-01
  4.3400000000e-01  5.5721752916e-01
  4.3500000000e-01  5.5633623727e-01
  4.3600000000e-01  5.5545365469e-01
  4.3700000000e-01  5.5456979427e-01
  4.3800000000e-01  5.5368466873e-01
  4.3900000000e-01  5.5279829065e-01
  4.4000000000e-01  5.5191067250e-01
  4.4100000000e-01  5.5102182661e-01
  4.4200000000e-01  5.5013176521e-01
  4.4300000000e-01  5.4924050039e-01
  4.4400000000e-01  5.4834804411e-01
  4.4500000000e-01  5.4745440824e-01
  4.4600000000e-01  5.4655960452e-01
  4.4700000000e-01  5.4566364456e-01
  4.4800000000e-01  5.4476653986e-01
  4.4900000000e-01  5.4386830183e-01
  4.5000000000e-01  5.4296894173e-01
  4.5100000000e-01  5.4206847073e-01
  4.5200000000e-01  5.4116689989e-01
  4.5300000000e-01  5.4026424014e-01
  4.5400000000e-01  5.3936050232e-01
  4.5500000000e-01  5.3845569717e-01
  4.5600000000e-01  5.3754983529e-01
  4.5700000000e-01  5.3664292721e-01
  4.5800000000e-01  5.3573498333e-01
  4.5900000000e-01  5.3482601397e-01
  4.6000000000e-01  5.3391602931e-01
  4.6100000000e-01  5.3300503948e-01
  4.6200000000e-01  5.3209305446e-01
  4.6300000000e-01  5.3118008416e-01
  4.6400000000e-01  5.3026613839e-01
  4.6500000000e-01  5.2935122684e-01
  4.6600000000e-01  5.2843535914e-01
  4.6700000000e-01  5.2751854479e-01
  4.6800000000e-01  5.2660079321e-01
  4.6900000000e-01  5.2568211374e-01
  4.7000000000e-01  5.2476251559e-01
  4.7100000000e-01  5.2384200791e-01
  4.7200000000e-01  5.2292059976e-01
  4.7300000000e-01  5.2199830009e-01
  4.7400000000e-01  5.2107511777e-01
  4.7500000000e-01  5.2015106159e-01
  4.7600000000e-01  5.1922614024e-01
  4.7700000000e-01  5.1830036233e-01
  4.7800000000e-01  5.1737373638e-01
  4.7900000000e-01  5.1644627083e-01
  4.8000000000e-01  5.1551797403e-01
  4.8100000000e-01  5.1458885426e-01
  4.8200000000e-01  5.1365891970e-01
  4.8300000000e-01  5.1272817847e-01
  4.8400000000e-01  5.1179663858e-01
  4.8500000000e-01  5.1086430799e-01
  4.8600000000e-01  5.0993119456e-01
  4.8700000000e-01  5.0899730608e-01
  4.8800000000e-01  5.0806265026e-01
  4.8900000000e-01  5.0712723474e-01
  4.9000000000e-01  5.0619106708e-01
  4.9100000000e-01  5.0525415477e-01
  4.9200000000e-01  5.0431650520e-01
  4.9300000000e-01  5.0337812572e-01
  4.9400000000e-01  5.0243902359e-01
  4.9500000000e-01  5.0149920600e-01
  4.9600000000e-01  5.0055868007e-01
  4.9700000000e-01  4.9961745285e-01
  4.9800000000e-01  4.9867553131e-01
  4.9900000000e-01  4.9773292236e-01
  5.0000000000e-01  4.9678963285e-01
  5.0100000000e-01  4.9584566955e-01
  5.0200000000e-01  4.9490103915e-01
  5.0300000000e-01  4.9395574830e-01
  5.0400000000e-01  4.9300980357e-01
  5.0500000000e-01  4.9206321147e-01
  5.0600000000e-01  4.9111597843e-01
  5.0700000000e-01  4.9016811084e-01
  5.0800000000e-01  4.8921961500e-01
  5.0900000000e-01  4.8827049717e-01
  5.1000000000e-01  4.8732076354e-01
  5.1100000000e-01  4.8637042024e-01
  5.1200000000e-01  4.8541947333e-01
  5.1300000000e-01  4.8446792882e-01
  5.1400000000e-01  4.8351579265e-01
  5.1500000000e-01  4.8256307071e-01
  5.1600000000e-01  4.8160976883e-01
  5.1700000000e-01  4.8065589278e-01
  5.1800000000e-01  4.7970144827e-01
  5.1900000000e-01  4.7874644096e-01
  5.2000000000e-01  4.7779087646e-01
  5.2100000000e-01  4.7683476029e-01
  5.2200000000e-01  4.7587809796e-01
  5.2300000000e-01  4.7492089490e-01
  5.2400000000e-01  4.7396315648e-01
  5.2500000000e-01  4.7300488804e-01
  5.2600000000e-01  4.7204609484e-01
  5.2700000000e-01  4.7108678212e-01
  5.2800000000e-01  4.7012695503e-01
  5.2900000000e-01  4.6916661870e-01
  5.3000000000e-01  4.6820577820e-01
  5.3100000000e-01  4.6724443853e-01
  5.3200000000e-01  4.6628260468e-01
  5.3300000000e-01  4.6532028154e-01
  5.3400000000e-01  4.6435747400e-01
  5.3500000000e-01  4.6339418688e-01
  5.3600000000e-01  4.6243042494e-01
  5.3700000000e-01  4.6146619290e-01
  5.3800000000e-01  4.6050149546e-01
  5.3900000000e-01  4.5953633723e-01
  5.4000000000e-01  4.5857072281e-01
  5.4100000000e-01  4.5760465672e-01
  5.4200000000e-01  4.5663814348e-01
  5.4300000000e-01  4.5567118751e-01
  5.4400000000e-01  4.5470379324e-01
  5.4500000000e-01  4.5373596502e-01
  5.4600000000e-01  4.5276770717e-01
  5.4700000000e-01  4.5179902397e-01
  5.4800000000e-01  4.5082991964e-01
  5.4900000000e-01  4.4986039838e-01
  5.5000000000e-01  4.4889046433e-01
  5.5100000000e-01  4.4792012161e-01
  5.5200000000e-01  4.4694937427e-01
  5.5300000000e-01  4.4597822635e-01
  5.5400000000e-01  4.4500668184e-01
  5.5500000000e-01  4.4403474467e-01
  5.5600000000e-01  4.4306241875e-01
  5.5700000000e-01  4.4208970796e-01
  5.5800000000e-01  4.4111661611e-01
  5.5900000000e-01  4.4014314701e-01
  5.6000000000e-01  4.3916930441e-01
  5.6100000000e-01  4.3819509203e-01
  5.6200000000e-01  4.3722051353e-01
  5.6300000000e-01  4.3624557257e-01
  5.6400000000e-01  4.3527027276e-01
  5.6500000000e-01  4.3429461765e-01
  5.6600000000e-01  4.3331861080e-01
  5.6700000000e-01  4.3234225569e-01
  5.6800000000e-01  4.3136555580e-01
  5.6900000000e-01  4.3038851455e-01
  5.7000000000e-01  4.2941113534e-01
  5.7100000000e-01  4.2843342154e-01
  5.7200000000e-01  4.2745537647e-01
  5.7300000000e-01  4.2647700342e-01
  5.7400000000e-01  4.2549830567e-01
  5.7500000000e-01  4.2451928644e-01
  5.7600000000e-01  4.2353994894e-01
  5.7700000000e-01  4.2256029632e-01
  5.7800000000e-01  4.2158033173e-01
  5.7900000000e-01  4.2060005827e-01
  5.8000000000e-01  4.1961947900e-01
  5.8100000000e-01  4.1863859699e-01
  5.8200000000e-01  4.1765741522e-01
  5.8300000000e-01  4.1667593670e-01
  5.8400000000e-01  4.1569416437e-01
  5.8500000000e-01  4.1471210116e-01
  5.8600000000e-01  4.1372974996e-01
  5.8700000000e-01  4.1274711363e-01
  5.8800000000e-01  4.1176419502e-01
  5.8900000000e-01  4.1078099692e-01
  5.9000000000e-01  4.0979752213e-01
  5.9100000000e-01  4.0881377339e-01
  5.9200000000e-01  4.0782975344e-01
  5.9300000000e-01  4.0684546497e-01
  5.9400000000e-01  4.0586091064e-01
  5.9500000000e-01  4.0487609312e-01
  5.9600000000e-01  4.0389101501e-01
  5.9700000000e-01  4.0290567891e-01
  5.9800000000e-01  4.0192008738e-01
  5.9900000000e-01  4.0093424298e-01
  6.0000000000e-01  3.9994814820e-01
  6.0100000000e-01  3.9896180555e-01
  6.0200000000e-01  3.9797521750e-01
  6.0300000000e-01  3.9698838647e-01
  6.0400000000e-01  3.9600131490e-01
  6.0500000000e-01  3.9501400517e-01
  6.0600000000e-01  3.9402645965e-01
  6.0700000000e-01  3.9303868069e-01
  6.0800000000e-01  3.9205067062e-01
  6.0900000000e-01  3.9106243173e-01
  6.1000000000e-01  3.9007396630e-01
  6.1100000000e-01  3.8908527658e-01
  6.1200000000e-01  3.8809636480e-01
  6.1300000000e-01  3.8710723318e-01
  6.1400000000e-01  3.8611788390e-01
  6.1500000000e-01  3.8512831913e-01
  6.1600000000e-01  3.8413854102e-01
  6.1700000000e-01  3.8314855167e-01
  6.1800000000e-01  3.8215835321e-01
  6.1900000000e-01  3.8116794770e-01
  6.2000000000e-01  3.8017733720e-01
  6.2100000000e-01  3.7918652377e-01
  6.2200000000e-01  3.7819550941e-01
  6.2300000000e-01  3.7720429612e-01
  6.2400000000e-01  3.7621288589e-01
  6.2500000000e-01  3.7522128068e-01
  6.2600000000e-01  3.7422948242e-01
  6.2700000000e-01  3.7323749303e-01
  6.2800000000e-01  3.7224531443e-01
  6.2900000000e-01  3.7125294848e-01
  6.3000000000e-01  3.7026039705e-01
  6.3100000000e-01  3.6926766200e-01
  6.3200000000e-01  3.6827474514e-01
  6.3300000000e-01  3.6728164829e-01
  6.3400000000e-01  3.6628837324e-01
  6.3500000000e-01  3.6529492175e-01
  6.3600000000e-01  3.6430129559e-01
  6.3700000000e-01  3.6330749649e-01
  6.3800000000e-01  3.6231352618e-01
  6.3900000000e-01  3.6131938635e-01
  6.4000000000e-01  3.6032507870e-01
  6.4100000000e-01  3.5933060490e-01
  6.4200000000e-01  3.5833596659e-01
  6.4300000000e-01  3.5734116541e-01
  6.4400000000e-01  3.5634620299e-01
  6.4500000000e-01  3.5535108093e-01
  6.4600000000e-01  3.5435580082e-01
  6.4700000000e-01  3.5336036423e-01
  6.4800000000e-01  3.5236477271e-01
  6.4900000000e-01  3.5136902782e-01
  6.5000000000e-01  3.5037313107e-01
  6.5100000000e-01  3.4937708397e-01
  6.5200000000e-01  3.4838088803e-01
  6.5300000000e-01  3.4738454472e-01
  6.5400000000e-01  3.4638805551e-01
  6.5500000000e-01  3.4539142185e-01
  6.5600000000e-01  3.4439464518e-01
  6.5700000000e-01  3.4339772692e-01
  6.5800000000e-01  3.4240066848e-01
  6.5900000000e-01  3.4140347126e-01
  6.6000000000e-01  3.4040613663e-01
  6.6100000000e-01  3.3940866597e-01
  6.6200000000e-01  3.3841106062e-01
  6.6300000000e-01  3.3741332193e-01
  6.6400000000e-01  3.3641545122e-01
  6.6500000000e-01  3.3541744981e-01
  6.6600000000e-01  3.3441931900e-01
  6.6700000000e-01  3.3342106008e-01
  6.6800000000e-01  3.3242267431e-01
  6.6900000000e-01  3.3142416296e-01
  6.7000000000e-01  3.3042552729e-01
  6.7100000000e-01  3.2942676853e-01
  6.7200000000e-01  3.2842788790e-01
  6.7300000000e-01  3.2742888661e-01
  6.7400000000e-01  3.2642976588e-01
  6.7500000000e-01  3.2543052687e-01
  6.7600000000e-01  3.2443117078e-01
  6.7700000000e-01  3.2343169877e-01
  6.7800000000e-01  3.2243211199e-01
  6.7900000000e-01  3.2143241158e-01
  6.8000000000e-01  3.2043259867e-01
  6.8100000000e-01  3.1943267439e-01
  6.8200000000e-01  3.1843263983e-01
  6.8300000000e-01  3.1743249611e-01
  6.8400000000e-01  3.1643224430e-01
  6.8500000000e-01  3.1543188548e-01
  6.8600000000e-01  3.1443142071e-01
  6.8700000000e-01  3.1343085105e-01
  6.8800000000e-01  3.1243017754e-01
  6.8900000000e-01  3.1142940122e-01
  6.9000000000e-01  3.1042852311e-01
  6.9100000000e-01  3.0942754422e-01
  6.9200000000e-01  3.0842646555e-01
  6.9300000000e-01  3.0742528810e-01
  6.9400000000e-01  3.0642401285e-01
  6.9500000000e-01  3.0542264078e-01
  6.9600000000e-01  3.0442117284e-01
  6.9700000000e-01  3.0341960999e-01
  6.9800000000e-01  3.0241795317e-01
  6.9900000000e-01  3.0141620333e-01
  7.0000000000e-01  3.0041436138e-01
  7.0100000000e-01  2.9941242824e-01
  7.0200000000e-01  2.9841040482e-01
  7.0300000000e-01  2.9740829202e-01
  7.0400000000e-01  2.9640609072e-01
  7.0500000000e-01  2.9540380182e-01
  7.0600000000e-01  2.9440142617e-01
  7.0700000000e-01  2.9339896464e-01
  7.0800000000e-01  2.9239641809e-01
  7.0900000000e-01  2.9139378736e-01
  7.1000000000e-01  2.9039107330e-01
  7.1100000000e-01  2.8938827672e-01
  7.1200000000e-01  2.8838539845e-01
  7.1300000000e-01  2.8738243931e-01
  7.1400000000e-01  2.8637940010e-01
  7.1500000000e-01  2.8537628161e-01
  7.1600000000e-01  2.8437308463e-01
  7.1700000000e-01  2.8336980995e-01
  7.1800000000e-01  2.8236645833e-01
  7.1900000000e-01  2.8136303055e-01
  7.2000000000e-01  2.8035952736e-01
  7.2100000000e-01  2.7935594951e-01
  7.2200000000e-01  2.7835229775e-01
  7.2300000000e-01  2.7734857280e-01
  7.2400000000e-01  2.7634477541e-01
  7.2500000000e-01  2.7534090628e-01
  7.2600000000e-01  2.7433696613e-01
  7.2700000000e-01  2.7333295568e-01
  7.2800000000e-01  2.7232887561e-01
  7.2900000000e-01  2.7132472662e-01
  7.3000000000e-01  2.7032050940e-01
  7.3100000000e-01  2.6931622463e-01
  7.3200000000e-01  2.6831187298e-01
  7.3300000000e-01  2.6730745511e-01
  7.3400000000e-01  2.6630297168e-01
  7.3500000000e-01  2.6529842334e-01
  7.3600000000e-01  2.6429381075e-01
  7.3700000000e-01  2.6328913454e-01
  7.3800000000e-01  2.6228439534e-01
  7.3900000000e-01  2.6127959378e-01
  7.4000000000e-01  2.6027473048e-01
  7.4100000000e-01  2.5926980606e-01
  7.4200000000e-01  2.5826482112e-01
  7.4300000000e-01  2.5725977626e-01
  7.4400000000e-01  2.5625467209e-01
  7.4500000000e-01  2.5524950919e-01
  7.4600000000e-01  2.5424428814e-01
  7.4700000000e-01  2.5323900952e-01
  7.4800000000e-01  2.5223367392e-01
  7.4900000000e-01  2.5122828189e-01
  7.5000000000e-01  2.5022283399e-01
  7.5100000000e-01  2.4921733079e-01
  7.5200000000e-01  2.4821177283e-01
  7.5300000000e-01  2.4720616065e-01
  7.5400000000e-01  2.4620049480e-01
  7.5500000000e-01  2.4519477581e-01
  7.5600000000e-01  2.4418900421e-01
  7.5700000000e-01  2.4318318052e-01
  7.5800000000e-01  2.4217730527e-01
  7.5900000000e-01  2.4117137895e-01
  7.6000000000e-01  2.4016540209e-01
  7.6100000000e-01  2.3915937519e-01
  7.6200000000e-01  2.3815329873e-01
  7.6300000000e-01  2.3714717322e-01
  7.6400000000e-01  2.3614099915e-01
  7.6500000000e-01  2.3513477699e-01
  7.6600000000e-01  2.3412850723e-01
  7.6700000000e-01  2.3312219034e-01
  7.6800000000e-01  2.3211582679e-01
  7.6900000000e-01  2.3110941704e-01
  7.7000000000e-01  2.3010296155e-01
  7.7100000000e-01  2.2909646078e-01
  7.7200000000e-01  2.2808991517e-01
  7.7300000000e-01  2.2708332518e-01
  7.7400000000e-01  2.2607669125e-01
  7.7500000000e-01  2.2507001381e-01
  7.7600000000e-01  2.2406329329e-01
  7.7700000000e-01  2.2305653013e-01
  7.7800000000e-01  2.2204972475e-01
  7.7900000000e-01  2.2104287756e-01
  7.8000000000e-01  2.2003598899e-01
  7.8100000000e-01  2.1902905945e-01
  7.8200000000e-01  2.1802208934e-01
  7.8300000000e-01  2.1701507907e-01
  7.8400000000e-01  2.1600802904e-01
  7.8500000000e-01  2.1500093964e-01
  7.8600000000e-01  2.1399381126e-01
  7.8700000000e-01  2.1298664430e-01
  7.8800000000e-01  2.1197943914e-01
  7.8900000000e-01  2.1097219615e-01
  7.9000000000e-01  2.0996491571e-01
  7.9100000000e-01  2.0895759820e-01
  7.9200000000e-01  2.0795024398e-01
  7.9300000000e-01  2.0694285343e-01
  7.9400000000e-01  2.0593542689e-01
  7.9500000000e-01  2.0492796474e-01
  7.9600000000e-01  2.0392046731e-01
  7.9700000000e-01  2.0291293498e-01
  7.9800000000e-01  2.0190536807e-01
  7.9900000000e-01  2.0089776694e-01
  8.0000000000e-01  1.9989013193e-01
  8.0100000000e-01  1.9888246337e-01
  8.0200000000e-01  1.9787476160e-01
  8.0300000000e-01  1.9686702695e-01
  8.0400000000e-01  1.9585925974e-01
  8.0500000000e-01  1.9485146030e-01
  8.0600000000e-01  1.9384362895e-01
  8.0700000000e-01  1.9283576601e-01
  8.0800000000e-01  1.9182787179e-01
  8.0900000000e-01  1.9081994660e-01
  8.1000000000e-01  1.8981199076e-01
  8.1100000000e-01  1.8880400456e-01
  8.1200000000e-01  1.8779598830e-01
  8.1300000000e-01  1.8678794230e-01
  8.1400000000e-01  1.8577986684e-01
  8.1500000000e-01  1.8477176221e-01
  8.1600000000e-01  1.8376362871e-01
  8.1700000000e-01  1.8275546663e-01
  8.1800000000e-01  1.8174727624e-01
  8.1900000000e-01  1.8073905783e-01
  8.2000000000e-01  1.7973081169e-01
  8.2100000000e-01  1.7872253807e-01
  8.2200000000e-01  1.7771423727e-01
  8.2300000000e-01  1.7670590954e-01
  8.2400000000e-01  1.7569755516e-01
  8.2500000000e-01  1.7468917439e-01
  8.2600000000e-01  1.7368076749e-01
  8.2700000000e-01  1.7267233473e-01
  8.2800000000e-01  1.7166387636e-01
  8.2900000000e-01  1.7065539264e-01
  8.3000000000e-01  1.6964688381e-01
  8.3100000000e-01  1.6863835014e-01
  8.3200000000e-01  1.6762979186e-01
  8.3300000000e-01  1.6662120921e-01
  8.3400000000e-01  1.6561260246e-01
  8.3500000000e-01  1.6460397182e-01
  8.3600000000e-01  1.6359531755e-01
  8.3700000000e-01  1.6258663987e-01
  8.3800000000e-01  1.6157793902e-01
  8.3900000000e-01  1.6056921523e-01
  8.4000000000e-01  1.5956046872e-01
  8.4100000000e-01  1.5855169973e-01
  8.4200000000e-01  1.5754290848e-01
  8.4300000000e-01  1.5653409518e-01
  8.4400000000e-01  1.5552526006e-01
  8.4500000000e-01  1.5451640334e-01
  8.4600000000e-01  1.5350752523e-01
  8.4700000000e-01  1.5249862594e-01
  8.4800000000e-01  1.5148970568e-01
  8.4900000000e-01  1.5048076467e-01
  8.5000000000e-01  1.4947180310e-01
  8.5100000000e-01  1.4846282119e-01
  8.5200000000e-01  1.4745381913e-01
  8.5300000000e-01  1.4644479713e-01
  8.5400000000e-01  1.4543575538e-01
  8.5500000000e-01  1.4442669409e-01
  8.5600000000e-01  1.4341761344e-01
  8.5700000000e-01  1.4240851363e-01
  8.5800000000e-01  1.4139939484e-01
  8.5900000000e-01  1.4039025728e-01
  8.6000000000e-01  1.3938110112e-01
  8.6100000000e-01  1.3837192654e-01
  8.6200000000e-01  1.3736273374e-01
  8.6300000000e-01  1.3635352290e-01
  8.6400000000e-01  1.3534429419e-01
  8.6500000000e-01  1.3433504779e-01
  8.6600000000e-01  1.3332578387e-01
  8.6700000000e-01  1.3231650262e-01
  8.6800000000e-01  1.3130720421e-01
  8.6900000000e-01  1.3029788879e-01
  8.7000000000e-01  1.2928855655e-01
  8.7100000000e-01  1.2827920766e-01
  8.7200000000e-01  1.2726984227e-01
  8.7300000000e-01  1.2626046055e-01
  8.7400000000e-01  1.2525106266e-01
  8.7500000000e-01  1.2424164877e-01
  8.7600000000e-01  1.2323221904e-01
  8.7700000000e-01  1.2222277361e-01
  8.7800000000e-01  1.2121331266e-01
  8.7900000000e-01  1.2020383632e-01
  8.8000000000e-01  1.1919434476e-01
  8.8100000000e-01  1.1818483813e-01
  8.8200000000e-01  1.1717531657e-01
  8.8300000000e-01  1.1616578024e-01
  8.8400000000e-01  1.1515622928e-01
  8.8500000000e-01  1.1414666384e-01
  8.8600000000e-01  1.1313708406e-01
  8.8700000000e-01  1.1212749008e-01
  8.8800000000e-01  1.1111788205e-01
  8.8900000000e-01  1.1010826011e-01
  8.9000000000e-01  1.0909862439e-01
  8.9100000000e-01  1.0808897503e-01
  8.9200000000e-01  1.0707931217e-01
  8.9300000000e-01  1.0606963594e-01
  8.9400000000e-01  1.0505994647e-01
  8.9500000000e-01  1.0405024390e-01
  8.9600000000e-01  1.0304052836e-01
  8.9700000000e-01  1.0203079997e-01
  8.9800000000e-01  1.0102105886e-01
  8.9900000000e-01  1.0001130517e-01
  9.0000000000e-01  9.9001539008e-02
  9.0100000000e-01  9.7991760506e-02
  9.0200000000e-01  9.6981969786e-02
  9.0300000000e-01  9.5972166969e-02
  9.0400000000e-01  9.4962352176e-02
  9.0500000000e-01  9.3952525526e-02
  9.0600000000e-01  9.2942687137e-02
  9.0700000000e-01  9.1932837125e-02
  9.0800000000e-01  9.0922975607e-02
  9.0900000000e-01  8.9913102697e-02
  9.1000000000e-01  8.8903218507e-02
  9.1100000000e-01  8.7893323152e-02
  9.1200000000e-01  8.6883416741e-02
  9.1300000000e-01  8.5873499384e-02
  9.1400000000e-01  8.4863571191e-02
  9.1500000000e-01  8.3853632269e-02
  9.1600000000e-01  8.2843682725e-02
  9.1700000000e-01  8.1833722665e-02
  9.1800000000e-01  8.0823752193e-02
  9.1900000000e-01  7.9813771413e-02
  9.2000000000e-01  7.8803780428e-02
  9.2100000000e-01  7.7793779338e-02
  9.2200000000e-01  7.6783768246e-02
  9.2300000000e-01  7.5773747249e-02
  9.2400000000e-01  7.4763716447e-02
  9.2500000000e-01  7.3753675937e-02
  9.2600000000e-01  7.2743625816e-02
  9.2700000000e-01  7.1733566180e-02
  9.2800000000e-01  7.0723497123e-02
  9.2900000000e-01  6.9713418739e-02
  9.3000000000e-01  6.8703331120e-02
  9.3100000000e-01  6.7693234359e-02
  9.3200000000e-01  6.6683128546e-02
  9.3300000000e-01  6.5673013772e-02
  9.3400000000e-01  6.4662890126e-02
  9.3500000000e-01  6.3652757696e-02
  9.3600000000e-01  6.2642616569e-02
  9.3700000000e-01  6.1632466833e-02
  9.3800000000e-01  6.0622308572e-02
  9.3900000000e-01  5.9612141871e-02
  9.4000000000e-01  5.8601966815e-02
  9.4100000000e-01  5.7591783487e-02
  9.4200000000e-01  5.6581591968e-02
  9.4300000000e-01  5.5571392341e-02
  9.4400000000e-01  5.4561184686e-02
  9.4500000000e-01  5.3550969083e-02
  9.4600000000e-01  5.2540745611e-02
  9.4700000000e-01  5.1530514348e-02
  9.4800000000e-01  5.0520275372e-02
  9.4900000000e-01  4.9510028760e-02
  9.5000000000e-01  4.8499774587e-02
  9.5100000000e-01  4.7489512930e-02
  9.5200000000e-01  4.6479243861e-02
  9.5300000000e-01  4.5468967455e-02
  9.5400000000e-01  4.4458683786e-02
  9.5500000000e-01  4.3448392925e-02
  9.5600000000e-01  4.2438094943e-02
  9.5700000000e-01  4.1427789913e-02
  9.5800000000e-01  4.0417477903e-02
  9.5900000000e-01  3.9407158984e-02
  9.6000000000e-01  3.8396833223e-02
  9.6100000000e-01  3.7386500690e-02
  9.6200000000e-01  3.6376161452e-02
  9.6300000000e-01  3.5365815574e-02
  9.6400000000e-01  3.4355463124e-02
  9.6500000000e-01  3.3345104166e-02
  9.6600000000e-01  3.2334738766e-02
  9.6700000000e-01  3.1324366988e-02
  9.6800000000e-01  3.0313988894e-02
  9.6900000000e-01  2.9303604549e-02
  9.7000000000e-01  2.8293214013e-02
  9.7100000000e-01  2.7282817349e-02
  9.7200000000e-01  2.6272414618e-02
  9.7300000000e-01  2.5262005880e-02
  9.7400000000e-01  2.4251591194e-02
  9.7500000000e-01  2.3241170621e-02
  9.7600000000e-01  2.2230744218e-02
  9.7700000000e-01  2.1220312043e-02
  9.7800000000e-01  2.0209874155e-02
  9.7900000000e-01  1.9199430609e-02
  9.8000000000e-01  1.8188981462e-02
  9.8100000000e-01  1.7178526770e-02
  9.8200000000e-01  1.6168066589e-02
  9.8300000000e-01  1.5157600972e-02
  9.8400000000e-01  1.4147129973e-02
  9.8500000000e-01  1.3136653647e-02
  9.8600000000e-01  1.2126172046e-02
  9.8700000000e-01  1.1115685223e-02
  9.8800000000e-01  1.0105193230e-02
  9.8900000000e-01  9.0946961177e-03
  9.9000000000e-01  8.0841939377e-03
  9.9100000000e-01  7.0736867401e-03
  9.9200000000e-01  6.0631745751e-03
  9.9300000000e-01  5.0526574919e-03
  9.9400000000e-01  4.0421355395e-03
  9.9500000000e-01  3.0316087664e-03
  9.9600000000e-01  2.0210772205e-03
  9.9700000000e-01  1.0105409494e-03
  1.0000000000e+00  0.0000000000e+00
