#                        Jacobi                                             analytical
  4.4421521480e-03 -8.8799204310e-03 -1.3308925303e-02  4.4421521493e-03  8.8799204307e-03  1.3308925303e-02
  8.8799204281e-03 -1.7724795873e-02 -2.6499719643e-02  8.8799204307e-03  1.7724795872e-02  2.6499719642e-02
  1.3308925299e-02 -2.6499719643e-02 -3.9455300595e-02  1.3308925303e-02  2.6499719642e-02  3.9455300594e-02
  1.7724795867e-02 -3.5170061126e-02 -5.2060673506e-02  1.7724795872e-02  3.5170061125e-02  5.2060673505e-02
  2.2123174202e-02 -4.3701602445e-02 -6.4203952193e-02  2.2123174208e-02  4.3701602445e-02  6.4203952192e-02
  2.6499719635e-02 -5.2060673505e-02 -7.5777352056e-02  2.6499719642e-02  5.2060673505e-02  7.5777352054e-02
  3.0850113044e-02 -6.0214284871e-02 -8.6678146777e-02  3.0850113052e-02  6.0214284871e-02  8.6678146775e-02
  3.5170061116e-02 -6.8130257964e-02 -9.6809580131e-02  3.5170061125e-02  6.8130257964e-02  9.6809580129e-02
  3.9455300584e-02 -7.5777352055e-02 -1.0608172480e-01  3.9455300594e-02  7.5777352054e-02  1.0608172480e-01
  4.3701602434e-02 -8.3125387556e-02 -1.1441228057e-01  4.3701602445e-02  8.3125387555e-02  1.1441228056e-01
  4.7904776079e-02 -9.0145365129e-02 -1.2172730483e-01  4.7904776090e-02  9.0145365128e-02  1.2172730483e-01
  5.2060673493e-02 -9.6809580129e-02 -1.2796186892e-01  5.2060673505e-02  9.6809580129e-02  1.2796186892e-01
  5.6165193309e-02 -1.0309173194e-01 -1.3306063441e-01  5.6165193320e-02  1.0309173194e-01  1.3306063440e-01
  6.0214284859e-02 -1.0896702779e-01 -1.3697834428e-01  6.0214284871e-02  1.0896702779e-01  1.3697834428e-01
  6.4203952181e-02 -1.1441228056e-01 -1.3968022467e-01  6.4203952192e-02  1.1441228056e-01  1.3968022467e-01
  6.8130257952e-02 -1.1940600033e-01 -1.4114229350e-01  6.8130257964e-02  1.1940600033e-01  1.4114229350e-01
  7.1989327385e-02 -1.2392847917e-01 -1.4135157334e-01  7.1989327396e-02  1.2392847917e-01  1.4135157334e-01
  7.5777352043e-02 -1.2796186892e-01 -1.4030620661e-01  7.5777352054e-02  1.2796186892e-01  1.4030620660e-01
  7.9490593604e-02 -1.3149025163e-01 -1.3801547206e-01  7.9490593614e-02  1.3149025163e-01  1.3801547205e-01
  8.3125387545e-02 -1.3449970239e-01 -1.3449970240e-01  8.3125387555e-02  1.3449970239e-01  1.3449970239e-01
  8.6678146765e-02 -1.3697834427e-01 -1.2979010386e-01  8.6678146775e-02  1.3697834428e-01  1.2979010386e-01
  9.0145365119e-02 -1.3891639521e-01 -1.2392847918e-01  9.0145365128e-02  1.3891639521e-01  1.2392847917e-01
  9.3523620881e-02 -1.4030620660e-01 -1.1696685654e-01  9.3523620890e-02  1.4030620660e-01  1.1696685653e-01
  9.6809580121e-02 -1.4114229350e-01 -1.0896702780e-01  9.6809580129e-02  1.4114229350e-01  1.0896702779e-01
  9.9999999992e-02 -1.4142135624e-01 -1.0000000001e-01  1.0000000000e-01  1.4142135624e-01  1.0000000000e-01
  1.0309173194e-01 -1.4114229350e-01 -9.0145365137e-02  1.0309173194e-01  1.4114229350e-01  9.0145365128e-02
  1.0608172479e-01 -1.4030620660e-01 -7.9490593623e-02  1.0608172480e-01  1.4030620660e-01  7.9490593614e-02
  1.0896702779e-01 -1.3891639521e-01 -6.8130257972e-02  1.0896702779e-01  1.3891639521e-01  6.8130257964e-02
  1.1174479348e-01 -1.3697834428e-01 -5.6165193329e-02  1.1174479349e-01  1.3697834428e-01  5.6165193320e-02
  1.1441228056e-01 -1.3449970239e-01 -4.3701602453e-02  1.1441228056e-01  1.3449970239e-01  4.3701602445e-02
  1.1696685653e-01 -1.3149025163e-01 -3.0850113061e-02  1.1696685653e-01  1.3149025163e-01  3.0850113052e-02
  1.1940600033e-01 -1.2796186892e-01 -1.7724795881e-02  1.1940600033e-01  1.2796186892e-01  1.7724795872e-02
  1.2172730483e-01 -1.2392847917e-01 -4.4421521587e-03  1.2172730483e-01  1.2392847917e-01  4.4421521493e-03
  1.2392847917e-01 -1.1940600033e-01  8.8799204209e-03  1.2392847917e-01  1.1940600033e-01 -8.8799204307e-03
  1.2600735107e-01 -1.1441228056e-01  2.2123174198e-02  1.2600735107e-01  1.1441228056e-01 -2.2123174208e-02
  1.2796186892e-01 -1.0896702779e-01  3.5170061115e-02  1.2796186892e-01  1.0896702779e-01 -3.5170061125e-02
  1.2979010386e-01 -1.0309173194e-01  4.7904776079e-02  1.2979010386e-01  1.0309173194e-01 -4.7904776090e-02
  1.3149025164e-01 -9.6809580127e-02  6.0214284860e-02  1.3149025163e-01  9.6809580129e-02 -6.0214284871e-02
  1.3306063441e-01 -9.0145365127e-02  7.1989327385e-02  1.3306063440e-01  9.0145365128e-02 -7.1989327396e-02
  1.3449970240e-01 -8.3125387554e-02  8.3125387544e-02  1.3449970239e-01  8.3125387555e-02 -8.3125387555e-02
  1.3580603542e-01 -7.5777352053e-02  9.3523620878e-02  1.3580603541e-01  7.5777352054e-02 -9.3523620890e-02
  1.3697834428e-01 -6.8130257963e-02  1.0309173193e-01  1.3697834428e-01  6.8130257964e-02 -1.0309173194e-01
  1.3801547206e-01 -6.0214284871e-02  1.1174479348e-01  1.3801547205e-01  6.0214284871e-02 -1.1174479349e-01
  1.3891639522e-01 -5.2060673505e-02  1.1940600032e-01  1.3891639521e-01  5.2060673505e-02 -1.1940600033e-01
  1.3968022468e-01 -4.3701602445e-02  1.2600735105e-01  1.3968022467e-01  4.3701602445e-02 -1.2600735107e-01
  1.4030620661e-01 -3.5170061125e-02  1.3149025162e-01  1.4030620660e-01  3.5170061125e-02 -1.3149025163e-01
  1.4079372326e-01 -2.6499719642e-02  1.3580603540e-01  1.4079372325e-01  2.6499719642e-02 -1.3580603541e-01
  1.4114229351e-01 -1.7724795872e-02  1.3891639520e-01  1.4114229350e-01  1.7724795872e-02 -1.3891639521e-01
  1.4135157335e-01 -8.8799204308e-03  1.4079372324e-01  1.4135157334e-01  8.8799204307e-03 -1.4079372325e-01
  1.4142135625e-01 -6.2900301294e-13  1.4142135623e-01  1.4142135624e-01  1.7319121125e-17 -1.4142135624e-01
  1.4135157335e-01  8.8799204296e-03  1.4079372324e-01  1.4135157334e-01 -8.8799204307e-03 -1.4079372325e-01
  1.4114229351e-01  1.7724795871e-02  1.3891639520e-01  1.4114229350e-01 -1.7724795872e-02 -1.3891639521e-01
  1.4079372326e-01  2.6499719641e-02  1.3580603540e-01  1.4079372325e-01 -2.6499719642e-02 -1.3580603541e-01
  1.4030620661e-01  3.5170061124e-02  1.3149025162e-01  1.4030620660e-01 -3.5170061125e-02 -1.3149025163e-01
  1.3968022468e-01  4.3701602444e-02  1.2600735106e-01  1.3968022467e-01 -4.3701602445e-02 -1.2600735107e-01
  1.3891639522e-01  5.2060673504e-02  1.1940600032e-01  1.3891639521e-01 -5.2060673505e-02 -1.1940600033e-01
  1.3801547206e-01  6.0214284871e-02  1.1174479348e-01  1.3801547205e-01 -6.0214284871e-02 -1.1174479349e-01
  1.3697834428e-01  6.8130257963e-02  1.0309173193e-01  1.3697834428e-01 -6.8130257964e-02 -1.0309173194e-01
  1.3580603542e-01  7.5777352054e-02  9.3523620879e-02  1.3580603541e-01 -7.5777352054e-02 -9.3523620890e-02
  1.3449970240e-01  8.3125387555e-02  8.3125387544e-02  1.3449970239e-01 -8.3125387555e-02 -8.3125387555e-02
  1.3306063441e-01  9.0145365128e-02  7.1989327386e-02  1.3306063440e-01 -9.0145365128e-02 -7.1989327396e-02
  1.3149025164e-01  9.6809580128e-02  6.0214284860e-02  1.3149025163e-01 -9.6809580129e-02 -6.0214284871e-02
  1.2979010386e-01  1.0309173194e-01  4.7904776080e-02  1.2979010386e-01 -1.0309173194e-01 -4.7904776090e-02
  1.2796186892e-01  1.0896702779e-01  3.5170061115e-02  1.2796186892e-01 -1.0896702779e-01 -3.5170061125e-02
  1.2600735107e-01  1.1441228056e-01  2.2123174198e-02  1.2600735107e-01 -1.1441228056e-01 -2.2123174208e-02
  1.2392847917e-01  1.1940600034e-01  8.8799204197e-03  1.2392847917e-01 -1.1940600033e-01 -8.8799204307e-03
  1.2172730483e-01  1.2392847917e-01 -4.4421521603e-03  1.2172730483e-01 -1.2392847917e-01  4.4421521493e-03
  1.1940600033e-01  1.2796186892e-01 -1.7724795883e-02  1.1940600033e-01 -1.2796186892e-01  1.7724795872e-02
  1.1696685653e-01  1.3149025163e-01 -3.0850113063e-02  1.1696685653e-01 -1.3149025163e-01  3.0850113052e-02
  1.1441228056e-01  1.3449970239e-01 -4.3701602456e-02  1.1441228056e-01 -1.3449970239e-01  4.3701602445e-02
  1.1174479348e-01  1.3697834428e-01 -5.6165193331e-02  1.1174479349e-01 -1.3697834428e-01  5.6165193320e-02
  1.0896702779e-01  1.3891639521e-01 -6.8130257973e-02  1.0896702779e-01 -1.3891639521e-01  6.8130257964e-02
  1.0608172479e-01  1.4030620660e-01 -7.9490593623e-02  1.0608172480e-01 -1.4030620660e-01  7.9490593614e-02
  1.0309173194e-01  1.4114229350e-01 -9.0145365137e-02  1.0309173194e-01 -1.4114229350e-01  9.0145365128e-02
  9.9999999993e-02  1.4142135624e-01 -1.0000000001e-01  1.0000000000e-01 -1.4142135624e-01  1.0000000000e-01
  9.6809580121e-02  1.4114229349e-01 -1.0896702780e-01  9.6809580129e-02 -1.4114229350e-01  1.0896702779e-01
  9.3523620881e-02  1.4030620660e-01 -1.1696685654e-01  9.3523620890e-02 -1.4030620660e-01  1.1696685653e-01
  9.0145365119e-02  1.3891639521e-01 -1.2392847918e-01  9.0145365128e-02 -1.3891639521e-01  1.2392847917e-01
  8.6678146765e-02  1.3697834427e-01 -1.2979010386e-01  8.6678146775e-02 -1.3697834428e-01  1.2979010386e-01
  8.3125387545e-02  1.3449970239e-01 -1.3449970240e-01  8.3125387555e-02 -1.3449970239e-01  1.3449970239e-01
  7.9490593604e-02  1.3149025163e-01 -1.3801547205e-01  7.9490593614e-02 -1.3149025163e-01  1.3801547205e-01
  7.5777352043e-02  1.2796186892e-01 -1.4030620661e-01  7.5777352054e-02 -1.2796186892e-01  1.4030620660e-01
  7.1989327385e-02  1.2392847917e-01 -1.4135157334e-01  7.1989327396e-02 -1.2392847917e-01  1.4135157334e-01
  6.8130257952e-02  1.1940600033e-01 -1.4114229350e-01  6.8130257964e-02 -1.1940600033e-01  1.4114229350e-01
  6.4203952181e-02  1.1441228056e-01 -1.3968022467e-01  6.4203952192e-02 -1.1441228056e-01  1.3968022467e-01
  6.0214284859e-02  1.0896702779e-01 -1.3697834428e-01  6.0214284871e-02 -1.0896702779e-01  1.3697834428e-01
  5.6165193309e-02  1.0309173195e-01 -1.3306063441e-01  5.6165193320e-02 -1.0309173194e-01  1.3306063440e-01
  5.2060673494e-02  9.6809580130e-02 -1.2796186892e-01  5.2060673505e-02 -9.6809580129e-02  1.2796186892e-01
  4.7904776079e-02  9.0145365130e-02 -1.2172730483e-01  4.7904776090e-02 -9.0145365128e-02  1.2172730483e-01
  4.3701602434e-02  8.3125387557e-02 -1.1441228057e-01  4.3701602445e-02 -8.3125387555e-02  1.1441228056e-01
  3.9455300584e-02  7.5777352056e-02 -1.0608172480e-01  3.9455300594e-02 -7.5777352054e-02  1.0608172480e-01
  3.5170061116e-02  6.8130257965e-02 -9.6809580133e-02  3.5170061125e-02 -6.8130257964e-02  9.6809580129e-02
  3.0850113044e-02  6.0214284872e-02 -8.6678146779e-02  3.0850113052e-02 -6.0214284871e-02  8.6678146775e-02
  2.6499719635e-02  5.2060673506e-02 -7.5777352057e-02  2.6499719642e-02 -5.2060673505e-02  7.5777352054e-02
  2.2123174202e-02  4.3701602446e-02 -6.4203952195e-02  2.2123174208e-02 -4.3701602445e-02  6.4203952192e-02
  1.7724795867e-02  3.5170061126e-02 -5.2060673507e-02  1.7724795872e-02 -3.5170061125e-02  5.2060673505e-02
  1.3308925299e-02  2.6499719643e-02 -3.9455300595e-02  1.3308925303e-02 -2.6499719642e-02  3.9455300594e-02
  8.8799204280e-03  1.7724795873e-02 -2.6499719643e-02  8.8799204307e-03 -1.7724795872e-02  2.6499719642e-02
  4.4421521481e-03  8.8799204312e-03 -1.3308925303e-02  4.4421521493e-03 -8.8799204307e-03  1.3308925303e-02
