#                        Jacobi                                             analytical
  1.3819660116e-01  2.6286555609e-01 -3.6180339886e-01  1.3819660113e-01  2.6286555606e-01  3.6180339887e-01
  2.6286555610e-01  4.2532540420e-01 -4.2532540415e-01  2.6286555606e-01  4.2532540418e-01  4.2532540418e-01
  3.6180339889e-01  4.2532540415e-01 -1.3819660109e-01  3.6180339887e-01  4.2532540418e-01  1.3819660113e-01
  4.2532540415e-01  2.6286555602e-01  2.6286555610e-01  4.2532540418e-01  2.6286555606e-01 -2.6286555606e-01
  4.4721359545e-01  1.4969775509e-13  4.4721359555e-01  4.4721359550e-01  5.4767869826e-17 -4.4721359550e-01
  4.2532540415e-01 -2.6286555602e-01  2.6286555610e-01  4.2532540418e-01 -2.6286555606e-01 -2.6286555606e-01
  3.6180339889e-01 -4.2532540415e-01 -1.3819660109e-01  3.6180339887e-01 -4.2532540418e-01  1.3819660113e-01
  2.6286555610e-01 -4.2532540420e-01 -4.2532540415e-01  2.6286555606e-01 -4.2532540418e-01  4.2532540418e-01
  1.3819660116e-01 -2.6286555609e-01 -3.6180339886e-01  1.3819660113e-01 -2.6286555606e-01  3.6180339887e-01
